chromosome	start	end	num.mark	total_copy_number	total_copy_number_logr	logr	logr.sd
1	15865	121461578	17370	4	3.72418533611185	0.0266010920149288	0.110308092284713
1	142714752	249212500	11200	4	3.74217898363028	0.0303207402806353	0.111297799389178
2	45264	92318652	8130	4	3.76296823615362	0.0345966970533434	0.112768653662842
2	95401381	242853007	12338	4	3.78374000907988	0.0388461683949683	0.11481022555511
3	243996	90139296	7184	3	2.74267916191994	-0.208368096886986	0.138681171005927
3	93646378	197896800	7708	4	3.72728574158782	0.0272432527442126	0.11702440193068
4	50006	49561179	4739	4	3.66368446809547	0.013964904052884	0.109064854688325
4	52708709	191016112	6489	4	3.67067678415418	0.015435643112849	0.122802116584774
5	50898	45696465	3420	4	3.7204866040893	0.0258343245398569	0.11357688842141
5	49699726	180876320	10467	4	3.76213393732341	0.034425540608793	0.114370245846019
6	186671	58779187	13227	4	3.72245057659806	0.0262415590956328	0.109429620798612
6	62642433	119671423	2755	4	3.72527743075862	0.0268273476240723	0.116797497079254
6	119762034	171021937	4536	3	2.75785201037373	-0.204151919892647	0.131525835602162
7	31467	57928998	7238	4	3.75524887387259	0.0330116582380479	0.109252202301833
7	61079350	159127977	9822	4	3.77428935426601	0.0369155828222416	0.109410488388069
8	176533	43828789	4324	4	3.73819492867114	0.0294986577748902	0.109816192828217
8	46940943	146280537	5240	4	3.68262331937761	0.0179421447892114	0.114065197520797
9	73835	47184909	1199	4	3.65304853346243	0.0117225391114328	0.110942214464835
9	66110525	141042453	4946	4	3.54437813707144	-0.0115589852805417	0.110063414826024
10	91802	39024195	3541	4	3.70560032553417	0.022740803179357	0.116707619453916
10	42406286	135499091	9708	4	3.70891061173033	0.0234297581290487	0.111816947290851
11	123899	51515596	6859	4	3.73477622488149	0.0287925519834024	0.108511183274377
11	55028287	134911302	9455	4	3.70446967504436	0.0225053488685966	0.111495219077506
12	148077	34758307	3346	4	3.75182351556544	0.0323073041051289	0.116573613935099
12	37935346	133779169	10779	4	3.74698376098576	0.0313110416083357	0.109828941315706
13	19060404	115090734	6643	4	3.76034170421726	0.0340577390147391	0.11476947945899
14	20612220	107283432	8856	4	3.66835481619147	0.0149475508313515	0.112300861721401
15	20104187	102506257	8975	4	3.76055524738874	0.0341015712342845	0.114022836786911
16	91602	35029997	6361	4	3.73686652920413	0.0292243621791872	0.103738029987315
16	48221499	90238222	6786	4	3.6539077818167	0.0119039291786153	0.108818130447904
17	5999	21561942	4798	4	3.72476161383322	0.0267204908667654	0.106451810537227
17	25289407	81058949	10928	4	3.72579779862283	0.026935132575723	0.104393201965154
18	73037	15331495	893	4	3.71976194199992	0.0256840112621653	0.102937337762588
18	18520274	78005649	2543	4	3.74714156644697	0.0313435455661485	0.110258324651174
19	70880	24270468	7644	4	3.68950362718018	0.0193821166776823	0.104958916626292
19	27732527	59095508	7622	4	3.67430906601144	0.0161985699459085	0.110236794525449
20	68170	26190354	2028	4	3.72205720342419	0.0261600089323521	0.106896832648731
20	29535013	62905237	4624	4	3.73139203495254	0.0280929553372536	0.108535023534464
21	10883548	11106719	18	4	3.95030417096139	0.0721230031758045	0.070815282814408
21	14409311	48091011	2469	4	3.68284870003198	0.0179893558750493	0.109871960769068
22	17290861	51222251	5317	4	3.70306773165809	0.022213301630054	0.10394051968617
X	2730666	58562406	3019	2	1.78957113157524	-0.554036555868913	0.129626277029326
X	62570863	154117632	4627	2	1.77388133596237	-0.56082348178487	0.13080481477918
Y	2654978	10035202	72	2	1.74064532595998	-0.5753950051019	0.180314334803398
Y	13332435	28555550	155	2	1.66770596870915	-0.608343641648066	0.162843600601663
